{
    "1C435217-1F56-4B14-B162-D5571841CD11/ExpandedNodes/D406BC1A-5E43-479A-BE35-D44B31BE3B53": "Sphere",
    "Camera/Position/X": 9.03879165649414,
    "Camera/Position/Y": 6.2637224197387695,
    "Camera/Position/Z": 12.517542839050293,
    "Camera/Rotation/W": 0.9338945150375366,
    "Camera/Rotation/X": -0.18222172558307648,
    "Camera/Rotation/Y": 0.30193382501602173,
    "Camera/Rotation/Z": 0.05891338363289833,
    "Camera/Type": 0,
    "DD686215-9BC8-485E-A582-E649AD392D6A/SelectedTimelineObject": "0 0 ",
    "DD8352AD-855A-485A-840A-7FF59AF7BC24/SelectedTimelineObject": "0 0 ",
    "DD8352AD-855A-485A-840A-7FF59AF7BC24/UnfoldedTimelineNodes/1E681781-B47D-4B4C-916A-C39C304D39EE": "Sphere",
    "Editor/ValueDraggerStepSize": 10,
    "SnapTypePosiotion/SnapPreset1": 0.5,
    "SnapTypePosiotion/SnapPreset2": 1,
    "SnapTypePosiotion/SnapPresetSelected": 0,
    "SnapTypeRotation/SnapPreset1": 45,
    "SnapTypeRotation/SnapPreset2": 90,
    "SnapTypeRotation/SnapPresetSelected": 0,
    "export/projectName": "Simple Looped Timeline"
}
